R, base, category, pbits, acells, f, raw_ber, tag, n, k, ecc_overhead, total_cells
R_best_config = {4: [4, 2.0, 'float/Rfix', 2, 2, -5, 0.003750000000000031, 'RS', 1024, 974, 1.051334702258727, 3.051334702258727], 8: [8, 3.0, 'float/Rfix', 3, 1, -5, 0.043749999999999956, 'RS', 1024, 824, 1.2427184466019416, 2.2427184466019416], 16: [16, 4.0, 'float/Rfix', 6, 0, -5, 0.25125, 'RS', 1024, 298, 3.436241610738255, 5.154362416107382]}
R, base, raw_ber, uber, tag, n, k, d, alpha_size
R_best_detail = {4: [4, 2.0, 0.003750000000000031, 7.660410362565644e-14, 'RS', 1024, 974, 51, 1024], 8: [8, 3.0, 0.043749999999999956, 7.701153626505299e-14, 'RS', 1024, 824, 201, 1024], 16: [16, 4.0, 0.25125, 8.412848085299331e-14, 'RS', 1024, 298, 727, 1024]}
R_runtime = {4: 3.8839011192321777, 8: 4.057767152786255, 16: 56.67378067970276}
R, base, category, pbits, acells, f, raw_ber, tag, n, k, ecc_overhead, total_cells
R_best_config = {4: [4, 2.0, 'float/Rfix', 6, 0, -5, 0.125, 'RS', 1022, 600, 1.7033333333333334, 5.11], 8: [8, 3.0, 'float/Rfix', 6, 0, -5, 0.2234848484848485, 'RS', 1021, 361, 2.8282548476454292, 5.6565096952908585], 16: [16, 4.0, 'float/Rfix', 6, 0, -5, 0.33875, 'RS', 1021, 103, 9.912621359223301, 14.868932038834952]}
R, base, raw_ber, uber, tag, n, k, d, alpha_size
R_best_detail = {4: [4, 2.0, 0.125, 9.97922386742792e-14, 'RS', 1022, 600, 423, 1024], 8: [8, 3.0, 0.2234848484848485, 9.304909392432695e-14, 'RS', 1021, 361, 661, 1024], 16: [16, 4.0, 0.33875, 9.273510961220222e-14, 'RS', 1021, 103, 919, 1024]}
R_runtime = {4: 10.299232959747314, 8: 41.515315771102905, 16: 124.48093104362488}
